1Bme	0102	9	7	屠夫	0	11	0	0	0	1
1Bme	0	313	271	屠夫	0	4	0	0	0	1
2Bwe	0103	19	18	卫家店	0	1	0	0	0	1
2Bbl	0	302	219	铁匠铺老板	0	0	0	0	0	1
3Bdr	0106	19	6	安家布衣	0	7	0	0	0	1
4Bdu	0108	7	7	赖家店老板	0	1	0	0	0	1
4Bdu	0	324	291	夏家店老板	0	5	0	0	0	1
4Bdm	0109	4	8	沓水店老板	0	9	0	0	0	1
5Bbo	0104	5	8	陈家铺子老板	0	2	0	0	0	1
6Bwh	0125	8	6	麦家铺子	0	9	0	0	0	1
6Bwh	0	301	257	仓库保管员	0	6	0	0	0	1
7Bst	0	378	298	杂货铺老板	0	3	0	0	0	1
8Bri	0105	18	6	戒指店老板	0	4	0	0	0	1
8Bbr	0105	12	12	手镯店老板	0	5	0	0	0	1
8Bne	0105	6	18	项链店老板	0	6	0	0	0	1
4Gdu	0119	10	11	许家店	0	1	0	0	0	1
4Gdm	0119	14	14	药房小老板	0	9	0	0	0	1
7Gst	0	643	611	陈家铺老板	0	3	0	0	0	1
2Gwe	0	649	602	精武馆老板	0	0	0	0	0	1
3Gdr	0	643	601	高家店老板	0	7	0	0	0	1
1Gme	0	649	591	屠夫	0	11	0	0	0	1
6Gwh	0	621	642	穆家店老板	0	6	0	0	0	1
9helper	0	628	601	助手小敏	0	5	0	0	0	1
4Tdu	0	291	610	边界村小店老板	0	1	0	0	0	1
2Twe	0	297	612	铁匠铺老板	0	0	0	0	0	1
1Tme	0	293	603	屠夫	0	11	0	0	0	1
3Tdr	0	305	607	白家服装老板	0	7	0	0	0	1
5Tbo	0132	7	20	朴家书屋老板	0	2	0	0	0	1
6Twh	0140	8	9	仓库保管员	0	9	0	0	0	1
8Tri	0141	23	23	戒指店老板	0	4	0	0	0	1
8Tbr	0141	16	16	手镯店老板	0	5	0	0	0	1
8Tne	0141	10	10	项链店老板	0	6	0	0	0	1
9helper	0	284	608	助手阿	0	5	0	0	0	1
9Ehw	0114	14	9	高级武士	0	3	0	0	0	1
9Ehw	01141	14	9	高级武士	0	3	0	0	0	1
9Ehw	01142	11	10	高级武士	0	3	0	0	0	1
9Eht	0113	7	5	高级道士	0	3	0	0	0	1
9Eht	01132	11	10	高级道士	0	3	0	0	0	1
9Ewi	0115	5	11	高级魔法师	0	3	0	0	0	1
9Ewi	01152	11	10	高级魔法师	0	3	0	0	0	1
2Wwe	1	314	72	安家铺子老板	0	0	0	0	0	1
4Wdu	1	309	81	合家药店老板	0	4	0	0	0	1
9Wqu	1	235	305	老人	0	9	0	0	0	1
6Ewh	D002	174	216	沓水杂货	0	3	0	0	0	1
9Equ	D002	187	214	刘老头	0	9	0	0	0	1
7Est	DM001	4	6	奸商	0	9	0	0	0	1
7Wkdme1	DM011	4	6	奸商	0	9	0	0	0	1
2Swe	0120	7	8	朴铁匠	0	0	0	0	0	1
2BlkS1	2	518	492	铁匠	0	0	0	0	0	1
4Sdu	0117	4	10	簿家药铺老板	0	1	0	0	0	1
4SVst	2	505	497	药铺老板	0	1	0	0	0	1
1BME	GA1	20	20	Kim	0	11	0	0	0	1
1AME	GA2	20	20	Kim	0	11	0	0	0	1
7Sst	2	505	479	罗家铺子老板	0	3	0	0	0	1
3Sdr	2	517	477	米家服装老板	0	7	0	0	0	1
6Swh	2	517	466	仓库保管员	0	5	0	0	0	1
7Est	3	855	661	小贩	0	3	0	0	0	1
6Mwh	0145	9	12	仓库保管员	0	9	0	0	0	1
6Mwh	3	305	373	悦来客栈老板	0	6	0	0	0	1
3Mdr	0149	23	20	张家布店老板	0	7	0	0	0	1
3Mga	0149	11	18	手套店老板	0	4	0	0	0	1
3Mhe	0149	8	5	老张头盔店	0	5	0	0	0	1
2Mwe	0159	5	9	铁匠铺老板	0	0	0	0	0	1
4Mdu	0160	5	8	罗家铺子老板	0	1	0	0	0	1
8Mri	0158	11	16	戒指店老板	0	5	0	0	0	1
8Mbr	0158	16	11	手镯店老板	0	6	0	0	0	1
8Mne	0158	4	21	项链店老板	0	4	0	0	0	1
7Mst	3	346	334	流浪汉	0	3	0	0	0	1
1Mme	3	355	329	黄家肉店老板	0	11	0	0	0	1
4Mdu	3	361	335	药店老板	0	1	0	0	0	1
5Mbo	0161	11	16	书店老板	0	2	0	0	0	1
9Mlo	3	284	343	彩票员	0	3	0	0	0	1
9Blo	0	298	317	彩票员	0	3	0	0	0	1
1Ame	3	659	301	屠夫	0	11	1	0	0	1
2Are	0151	3	19	铁匠铺老板	0	0	1	0	0	1
2Awe	0151	7	14	铁匠铺老板	0	0	1	0	0	1
3Adr	0155	13	7	布店老板	0	7	1	0	0	1
3Ahe	0155	9	11	头盔店老板	0	5	1	0	0	1
4Adm	0153	7	14	药店老板	0	9	1	0	0	1
4Adu	0153	14	7	药店老板	0	1	1	0	0	1
6Awh	0152	7	12	仓库保管员	0	6	1	0	0	1
7Ast	3	663	304	小贩	0	3	1	0	0	1
8Abr	0154	14	7	戒指店老板	0	6	1	0	0	1
8Ane	0154	3	18	手镯店老板	0	6	1	0	0	1
8Ari	0154	10	15	项链店老板	0	5	1	0	0	1
9Aup	0151	12	10	兵器店老板	0	0	1	0	0	1
3Edr	D608	30	22	布店老板	0	3	0	0	0	1
3Edr	D514	19	25	布店老板	0	3	0	0	0	1
4Edu	D5063	62	36	杂货店老板	0	1	0	0	0	1
2Ewe	D71650	23	27	武器店老板	0	0	0	0	0	1
3Edr	D71651	23	27	衣服店老板	0	7	0	0	0	1
4Edu	D71653	23	27	药店保管员	0	3	0	0	0	1
8Eac	D71652	23	27	首饰店保管员	0	5	0	0	0	1
9Equ	E603	31	191	老人	0	9	0	0	0	1
9Ech	0126	10	10	商人	0	9	0	0	0	1
9Ech	0152	4	15	商人	0	9	1	0	0	1
9Ech	0146	4	11	商人	0	9	0	0	0	1
9epl	3	850	662	FortuneTeller	0	9	0	0	0	1
9Equ	Q011	139	120	老翁	0	9	0	0	0	1
9Equ	Q016	14	21	成男	0	12	0	0	0	1
9Ega	0101	8	6	冒险男人	0	9	0	0	0	1
9Ega	B010	48	45	收银员	0	9	0	0	0	1
9Ega	B011	8	10	冒险女人	0	12	0	0	0	1
9Ega	B012	8	10	冒险女人	0	12	0	0	0	1
9Ega	B013	8	10	冒险女人	0	12	0	0	0	1
9Ega	B101	10	6	冒险女人	0	12	0	0	0	1
9Ega	B102	10	6	冒险女人	0	12	0	0	0	1
9Ega	B103	10	6	冒险女人	0	12	0	0	0	1
9Ega	B104	10	6	冒险女人	0	12	0	0	0	1
9Ega	B105	10	6	冒险女人	0	12	0	0	0	1
9Ega	B106	10	6	冒险女人	0	12	0	0	0	1
9Ega	B107	10	6	冒险女人	0	12	0	0	0	1
9Ega	B108	10	6	冒险女人	0	12	0	0	0	1
9Ega	B109	10	6	冒险女人	0	12	0	0	0	1
9Ega	B110	10	6	冒险女人	0	12	0	0	0	1
9Ega	B111	10	6	冒险女人	0	12	0	0	0	1
9Ega	B112	10	6	冒险女人	0	12	0	0	0	1
9Ega	B113	10	6	冒险女人	0	12	0	0	0	1
9Ega	B114	10	6	冒险女人	0	12	0	0	0	1
9Ega	B115	10	6	冒险女人	0	12	0	0	0	1
9Ega	B116	10	6	冒险女人	0	12	0	0	0	1
9Ega	B117	10	6	冒险女人	0	12	0	0	0	1
9Ega	B118	10	6	冒险女人	0	12	0	0	0	1
9Ega	B119	10	6	冒险女人	0	12	0	0	0	1
9Ega	B120	10	6	冒险女人	0	12	0	0	0	1
9Ega	B121	10	6	冒险女人	0	12	0	0	0	1
9Ega	B122	10	6	冒险女人	0	12	0	0	0	1
9Ega	B123	10	6	冒险女人	0	12	0	0	0	1
9Ega	B124	10	6	冒险女人	0	12	0	0	0	1
9Ega	B125	10	6	冒险女人	0	12	0	0	0	1
9Ega	B126	10	6	冒险女人	0	12	0	0	0	1
9Ega	B127	10	6	冒险女人	0	12	0	0	0	1
9Ega	B128	10	6	冒险女人	0	12	0	0	0	1
9Ega	B129	10	6	冒险女人	0	12	0	0	0	1
9Ega	B130	10	6	冒险女人	0	12	0	0	0	1
9Ega	B131	10	6	冒险女人	0	12	0	0	0	1
9Ega	B132	10	6	冒险女人	0	12	0	0	0	1
9Ega	B133	10	6	冒险女人	0	12	0	0	0	1
9Ega	B134	10	6	冒险女人	0	12	0	0	0	1
9Ega	B135	10	6	冒险女人	0	12	0	0	0	1
9Ega	B136	10	6	冒险女人	0	12	0	0	0	1
9Ega	B137	10	6	冒险女人	0	12	0	0	0	1
9Ega	B138	10	6	冒险女人	0	12	0	0	0	1
9Ega	B139	10	6	冒险女人	0	12	0	0	0	1
9Ega	B140	10	6	冒险女人	0	12	0	0	0	1
9Ega1	T105	7	6	流子行	0	11	0	0	0	1
9Ega2	T105	6	5	流子行	0	11	0	0	0	1
9Ega3	T105	8	7	流子行	0	11	0	0	0	1
9Ega4	T105	9	8	流子行	0	11	0	0	0	1
9Ega5	T105	10	9	流子行	0	11	0	0	0	1
9Ega	T118	14	15	冒险女人	0	12	0	0	0	1
9Ega	T125	11	9	冒险女人	0	12	0	0	0	1
9Ega	T1363	10	6	冒险女人	0	12	0	0	0	1
9Ega	T138	9	10	冒险女人	0	12	0	0	0	1
2Wwe	1001	14	12	武器店老板	0	15	0	0	0	1
7Wst	1007	11	14	杂货店老板	0	17	0	0	0	1
8Wac	1005	9	11	首饰店老板	0	20	0	0	0	1
3Wdr	1003	13	16	服装店老板	0	23	0	0	0	1
4Wdu	1006	9	10	药剂师	0	25	0	0	0	1
4Wdm	1006	12	7	药店老板	0	22	0	0	0	1
5Wbo	1004	9	11	书店老板	0	18	0	0	0	1
6Wwh	11	184	297	仓库保管员	0	18	0	0	0	1
6Wrt	1002	14	13	天尊	0	14	0	0	0	1
9Wae1	11	179	309	学徒	0	19	0	0	0	1
9Wae2	11	181	311	学徒	0	19	0	0	0	1
9Wae3	11	179	313	学徒	0	19	0	0	0	1
9Wae4	11	177	311	学徒	0	19	0	0	0	1
9Wae5	11	175	313	学徒	0	19	0	0	0	1
9Wae6	11	177	315	学徒	0	19	0	0	0	1
9Wtt	11	182	308	武术教头	0	16	0	0	0	1
9Wae1	11	191	329	学徒	0	21	0	0	0	1
9Wae2	11	189	327	学徒	0	21	0	0	0	1
9Wae3	11	191	325	学徒	0	21	0	0	0	1
9Wae4	11	193	327	学徒	0	21	0	0	0	1
9Wae5	11	195	325	学徒	0	21	0	0	0	1
9Wae6	11	193	323	学徒	0	21	0	0	0	1
9Wtt	11	196	322	道术教头	0	24	0	0	0	1
9Wbt	D10061	11	16	BigTaoist	0	15	0	0	0	1
4_stor	B347	12	8	Helen	0	5	0	0	0	1
4_clth	B345	10	8	Belina	0	7	0	0	0	1
4_jewel	B344	10	8	Jeweler	0	5	0	0	0	1
4_gnrl	4	252	224	Derby	0	3	0	0	0	1
4_meat	4	244	188	Jim	0	11	0	0	0	1
4_acces	B344	16	14	Monica	0	5	0	0	0	1
4_pot	B343	8	13	Murray	0	9	0	0	0	1
4_wep	B342	12	10	Gerald	0	0	0	0	0	1
4_wepr	4	227	223	Wayne	0	0	0	0	0	1
5_access	B352	7	9	Grace	0	5	0	0	0	1
5_access	5	154	338	Emily	0	1	1	0	0	1
5_clth	B353	13	14	Susan	0	7	0	0	0	1
5_clth	5	154	324	Daria	0	7	0	0	0	1
5_wep	B351	8	9	Keith	0	1	0	0	0	1
5_wep	5	156	297	Colby	0	1	0	0	0	1
5_gnrl	5	148	352	Bart	0	3	0	0	0	1
5_fish	B355	10	10	Fisherman	0	14	0	0	0	1
5_pot	5	161	315	Sandford	0	2	0	0	0	1
5_poi	5	173	319	Kurtis	0	22	0	0	0	1
5_stor	5	142	311	Heather	0	10	0	0	0	1
pb_armor	6	111	162	James	0	29	0	0	0	1
pb_weapon	6	105	137	Dustin	0	28	0	0	0	1
pb_blacksmith	6	109	136	Donald	0	26	0	0	0	1
pb_grocery	6	134	154	Jack	0	29	0	0	0	1
pb_jeweler	6	116	128	Harvey	0	30	0	0	0	1
pb_potion	6	129	143	Gordon	0	30	0	0	0	1
pb_store	6	94	157	Stansilav	0	32	0	0	0	1
CND_BW	0	299	257	栗子经销商	0	3	0	0	0	1
CND_WW	11	201	316	栗子经销商	0	3	0	0	0	1
crafting	0	319	276	手艺淑女	0	7	0	0	0	1
crafting	0	294	619	手艺淑女	0	7	0	0	0	1
crafting	0	651	621	手艺淑女	0	7	0	0	0	1
crafting	2	491	488	手艺淑女	0	7	0	0	0	1
crafting	3	299	371	手艺淑女	0	7	0	0	0	1
crafting	11	181	295	手艺淑女		7	0	0	0	1
crafting	4	232	194	手艺淑女	0	7	0	0	0	1
crafting	5	142	324	手艺淑女	0	7	0	0	0	1
crafting	6	125	150	手艺淑女	0	7	0	0	0	1
TrustMerchant	0	267	255	寄售商人	0	2	0	0	0	1
TrustMerchant	3	331	330	寄售商人	0	2	0	0	0	1
TrustMerchant	5	136	332	寄售商人	0	2	0	0	0	1
TrustMerchant	6	128	157	寄售商人	0	2	0	0	0	1
TrustMerchant	11	186	299	寄售商人	0	2	0	0	0	1
GTMerchant	0	330	263	公会领土商人	0	16	0	0	0	1
GTMerchant	2	506	485	公会领土商人	0	16	0	0	0	1
GTMerchant	3	329	330	公会领土商人	0	16	0	0	0	1
GTMerchant	4	230	196	公会领土商人	0	16	0	0	0	1
GTMerchant	5	135	325	公会领土商人	0	16	0	0	0	1
GTMerchant	6	120	148	公会领土商人	0	16	0	0	0	1
GTMerchant	11	199	314	公会领土商人	0	16	0	0	0	1
9match1	3	480	350	 公会战争	0	2	0	0	0	1
9match2	F003	41	41	 公会战争	0	2	0	0	0	1
9match3	2	450	300	 公会战争	0	2	0	0	0	1
test	w0	5	5	 test	0	1	0	0	0	1
test	w0	10	5	 test	0	2	0	0	0	1
test	w0	15	5	 test	0	3	0	0	0	1
test	w0	20	5	 test	0	4	0	0	0	1
test	w0	25	5	 test	0	5	0	0	0	1
test	w0	30	5	 test	0	6	0	0	0	1
test	w0	5	10	 test	0	7	0	0	0	1
test	w0	10	10	 test	0	8	0	0	0	1
test	w0	15	10	 test	0	9	0	0	0	1
test	w0	20	10	 test	0	10	0	0	0	1
test	w0	25	10	 test	0	11	0	0	0	1
test	w0	30	10	 test	0	12	0	0	0	1
test	w0	5	15	 test	0	13	0	0	0	1
test	w0	10	15	 test	0	14	0	0	0	1
test	w0	15	15	 test	0	15	0	0	0	1
test	w0	20	15	 test	0	16	0	0	0	1
test	w0	25	15	 test	0	17	0	0	0	1
test	w0	30	15	 test	0	18	0	0	0	1
test	w0	5	20	 test	0	19	0	0	0	1
test	w0	10	20	 test	0	20	0	0	0	1
test	w0	15	20	 test	0	21	0	0	0	1
test	w0	20	20	 test	0	22	0	0	0	1
test	w0	25	20	 test	0	23	0	0	0	1
test	w0	30	20	 test	0	24	0	0	0	1
test	w0	5	25	 test	0	25	0	0	0	1
test	w0	10	25	 test	0	26	0	0	0	1
test	w0	15	25	 test	0	27	0	0	0	1
test	w0	20	25	 test	0	28	0	0	0	1
test	w0	25	25	 test	0	29	0	0	0	1
test	w0	30	25	 test	0	30	0	0	0	1
test	w0	5	30	 test	0	31	0	0	0	1
test	w0	10	30	 test	0	32	0	0	0	1
test	w0	15	30	 test	0	33	0	0	0	1
test	w0	20	30	 test	0	34	0	0	0	1
test	w0	25	30	 test	0	35	0	0	0	1
test	w0	30	30	 test	0	36	0	0	0	1
test	w1	5	5	 test	0	37	0	0	0	1
test	w1	10	5	 test	0	38	0	0	0	1
test	w1	15	5	 test	0	39	0	0	0	1
test	w1	20	5	 test	0	40	0	0	0	1
test	w1	25	5	 test	0	41	0	0	0	1
test	w1	30	5	 test	0	42	0	0	0	1
test	w1	5	10	 test	0	43	0	0	0	1
test	w1	10	10	 test	0	44	0	0	0	1
test	w1	15	10	 test	0	45	0	0	0	1
test	w1	20	10	 test	0	46	0	0	0	1
test	w1	25	10	 test	0	47	0	0	0	1
test	w1	30	10	 test	0	48	0	0	0	1
test	w1	5	15	 test	0	49	0	0	0	1
test	w1	10	15	 test	0	50	0	0	0	1
test	w1	15	15	 test	0	51	0	0	0	1
test	w1	20	15	 test	0	52	0	0	0	1
test	w1	25	15	 test	0	53	0	0	0	1
test	w1	30	15	 test	0	54	0	0	0	1
test	w1	5	20	 test	0	55	0	0	0	1
test	w1	10	20	 test	0	56	0	0	0	1
test	w1	15	20	 test	0	57	0	0	0	1
test	w1	20	20	 test	0	58	0	0	0	1
test	w1	25	20	 test	0	59	0	0	0	1
test	w1	30	20	 test	0	70	0	0	0	1
test	w1	5	25	 test	0	71	0	0	0	1
test	w1	10	25	 test	0	72	0	0	0	1
test	w1	15	25	 test	0	73	0	0	0	1
test	w1	20	25	 test	0	74	0	0	0	1
test	w1	25	25	 test	0	75	0	0	0	1
test	w1	30	25	 test	0	76	0	0	0	1
test	w1	5	30	 test	0	77	0	0	0	1
test	w1	10	30	 test	0	78	0	0	0	1
test	w1	15	30	 test	0	79	0	0	0	1
test	w1	20	30	 test	0	80	0	0	0	1
test	w1	25	30	 test	0	81	0	0	0	1
test	w1	30	30	 test	0	82	0	0	0	1
test	w2	5	5	 test	0	83	0	0	0	1
test	w2	10	5	 test	0	84	0	0	0	1
test	w2	15	5	 test	0	85	0	0	0	1
test	w2	20	5	 test	0	86	0	0	0	1
test	w2	25	5	 test	0	87	0	0	0	1
test	w2	30	5	 test	0	88	0	0	0	1
test	w2	5	10	 test	0	89	0	0	0	1
test	w2	10	10	 test	0	90	0	0	0	1
test	w2	15	10	 test	0	91	0	0	0	1
test	w2	20	10	 test	0	92	0	0	0	1
test	w2	25	10	 test	0	93	0	0	0	1
test	w2	30	10	 test	0	94	0	0	0	1
test	w2	5	15	 test	0	95	0	0	0	1
test	w2	10	15	 test	0	96	0	0	0	1
test	w2	15	15	 test	0	97	0	0	0	1
test	w2	20	15	 test	0	98	0	0	0	1
test	w2	25	15	 test	0	99	0	0	0	1